name_1,SDSS,Jname,RAsdss,DECsdss,dered_r,lgnii2ha,lgsii2ha,lgoi2ha,lgoiii2hb,lgoiii2oii,Name_2
3,SDSS,J003459.73-091226.0,8.7489009,-9.20724,17.44534,-0.1156,-0.014,-0.4053,-0.0014,-0.3966,XW3
588,SDSS,J031142.21+000853.3,47.925897,0.14815519,16.33871,-0.1992,-0.1021,-0.6736,0.0503,-0.1002,XW588
661,SDSS,J033733.68+000841.2,54.390335,0.1447979,16.3236,-0.4718,-0.0479,-0.5314,0.0651,-0.5804,XW661
244,SDSS,J035002.14+000359.6,57.508919,0.066566331,16.70818,-0.1881,0.0167,-0.5254,-0.0476,-0.4096,XW244
555,SDSS,J112823.45+435608.7,172.09772,43.935757,17.36462,-0.3354,-0.1595,-0.5738,0.0444,-0.1498,XW546
53,SDSS,J130738.92+174736.4,196.91218,17.793456,16.22662,-0.6785,-0.1614,-0.5876,-0.231,-0.5311,XL53
435,SDSS,J132012.74+171223.1,200.05311,17.206429,15.64842,0.2775,0.1205,-0.4465,0.0173,-0.4457,XL435
692,SDSS,J140140.12+164901.8,210.41717,16.817172,16.46286,-0.2537,-0.0309,-0.4741,0.0707,-0.5251,XL692
229,SDSS,J140408.43-005725.4,211.03515,-0.95705846,16.88271,-0.2865,-0.0135,-0.4357,-0.0577,-0.7769,XL229
208,SDSS,J143802.25+393415.7,219.50939,39.571031,16.43734,0.104,-0.0096,-0.5377,-0.071,-0.6261,XL208
100,SDSS,J150632.91+265746.8,226.63713,26.963025,16.34733,-0.4452,-0.0943,-0.596,-0.1787,-0.6091,XL100
55,SDSS,J153344.38+131544.7,233.43494,13.26244,16.86655,-0.405,-0.154,-0.618,-0.2081,-0.5089,XL55
124,SDSS,J163128.30+271210.4,247.86792,27.202897,15.27033,-0.0169,-0.0253,-0.6139,-0.1508,-0.592,XL124
49,SDSS,J165935.55+370221.1,254.89815,37.039222,17.63962,-0.198,-0.1997,-0.6157,-0.2669,-0.7318,XL49
867,SDSS,J235136.96+005307.1,357.90401,0.88531442,15.12015,-0.1584,-0.1129,-0.6973,0.099,-0.2362,XW867
